837 
93 
51 
804 
23 
716 
6 
588 
820 
679 
977 
280 
515 
15 
614 
990 
18 
687 
60 
426 
990 
573 
921 
425 
201 
512 
319 
330 
353 
691 
892 
9 
14 
475 
558 
590 
924 
62 
727 
773 
754 
581 
934 
311 
682 
572 
902 
865 
234 
375 
306 
884 
66 
903 
921 
77 
984 
892 
767 
101 
488 
837 
997 
380 
768 
871 
881 
825 
19 
587 
152 
878 
587 
499 
940 
674 
628 
909 
721 
622 
479 
816 
932 
732 
837 
471 
86 
132 
85 
53 
917 
41 
536 
392 
995 
708 
338 
56 
419 
735 
